	1	2	0.036	0.01296	0	0	0	0	0	0	1	-360	360;
	2	3	0.033	0.01188	0	0	0	0	0	0	1	-360	360;
	2	4	0.045	0.0162	0	0	0	0	0	0	1	-360	360;
	4	5	0.015	0.054	0	0	0	0	0	0	1	-360	360;
	5	6	0.015	0.054	0	0	0	0	0	0	1	-360	360;
	6	7	0.015	0.0125	0	0	0	0	0	0	1	-360	360;
	7	8	0.018	0.014	0	0	0	0	0	0	1	-360	360;
	8	9	0.021	0.063	0	0	0	0	0	0	1	-360	360;
	2	10	0.166	0.1344	0	0	0	0	0	0	1	-360	360;
	10	11	0.112	0.0789	0	0	0	0	0	0	1	-360	360;
	11	12	0.187	0.313	0	0	0	0	0	0	1	-360	360;
	12	13	0.142	0.1512	0	0	0	0	0	0	1	-360	360;
	13	14	0.18	0.118	0	0	0	0	0	0	1	-360	360;
	14	15	0.15	0.045	0	0	0	0	0	0	1	-360	360;
	15	16	0.16	0.18	0	0	0	0	0	0	1	-360	360;
	16	17	0.157	0.171	0	0	0	0	0	0	1	-360	360;
	11	18	0.218	0.285	0	0	0	0	0	0	1	-360	360;
	18	19	0.118	0.185	0	0	0	0	0	0	1	-360	360;
	19	20	0.16	0.196	0	0	0	0	0	0	1	-360	360;
	20	21	0.12	0.189	0	0	0	0	0	0	1	-360	360;
	21	22	0.12	0.0789	0	0	0	0	0	0	1	-360	360;
	22	23	1.41	0.723	0	0	0	0	0	0	1	-360	360;
	23	24	0.293	0.1348	0	0	0	0	0	0	1	-360	360;
	24	25	0.133	0.104	0	0	0	0	0	0	1	-360	360;
	25	26	0.178	0.134	0	0	0	0	0	0	1	-360	360;
	26	27	0.178	0.134	0	0	0	0	0	0	1	-360	360;
	4	28	0.015	0.0296	0	0	0	0	0	0	1	-360	360;
	28	29	0.012	0.0276	0	0	0	0	0	0	1	-360	360;
	29	30	0.12	0.2766	0	0	0	0	0	0	1	-360	360;
	30	31	0.21	0.243	0	0	0	0	0	0	1	-360	360;
	31	32	0.12	0.054	0	0	0	0	0	0	1	-360	360;
	32	33	0.178	0.234	0	0	0	0	0	0	1	-360	360;
	33	34	0.178	0.234	0	0	0	0	0	0	1	-360	360;
	34	35	0.154	0.162	0	0	0	0	0	0	1	-360	360;
	30	36	0.187	0.261	0	0	0	0	0	0	1	-360	360;
	36	37	0.133	0.099	0	0	0	0	0	0	1	-360	360;
	29	38	0.33	0.194	0	0	0	0	0	0	1	-360	360;
	38	39	0.31	0.194	0	0	0	0	0	0	1	-360	360;
	39	40	0.13	0.194	0	0	0	0	0	0	1	-360	360;
	40	41	0.28	0.15	0	0	0	0	0	0	1	-360	360;
	41	42	1.18	0.85	0	0	0	0	0	0	1	-360	360;
	42	43	0.42	0.2436	0	0	0	0	0	0	1	-360	360;
	43	44	0.27	0.0972	0	0	0	0	0	0	1	-360	360;
	44	45	0.339	0.1221	0	0	0	0	0	0	1	-360	360;
	45	46	0.27	0.1779	0	0	0	0	0	0	1	-360	360;
	35	47	0.21	0.1383	0	0	0	0	0	0	1	-360	360;
	47	48	0.12	0.0789	0	0	0	0	0	0	1	-360	360;
	48	49	0.15	0.0987	0	0	0	0	0	0	1	-360	360;
	49	50	0.15	0.0987	0	0	0	0	0	0	1	-360	360;
	50	51	0.24	0.1581	0	0	0	0	0	0	1	-360	360;
	51	52	0.12	0.0789	0	0	0	0	0	0	1	-360	360;
	52	53	0.405	0.1458	0	0	0	0	0	0	1	-360	360;
	53	54	0.405	0.1458	0	0	0	0	0	0	1	-360	360;
	29	55	0.391	0.141	0	0	0	0	0	0	1	-360	360;
	55	56	0.406	0.1461	0	0	0	0	0	0	1	-360	360;
	56	57	0.406	0.1461	0	0	0	0	0	0	1	-360	360;
	57	58	0.706	0.5461	0	0	0	0	0	0	1	-360	360;
	58	59	0.338	0.1218	0	0	0	0	0	0	1	-360	360;
	59	60	0.338	0.1218	0	0	0	0	0	0	1	-360	360;
	60	61	0.207	0.0747	0	0	0	0	0	0	1	-360	360;
	61	62	0.247	0.8922	0	0	0	0	0	0	1	-360	360;
	1	63	0.028	0.0418	0	0	0	0	0	0	1	-360	360;
	63	64	0.117	0.2016	0	0	0	0	0	0	1	-360	360;
	64	65	0.255	0.0918	0	0	0	0	0	0	1	-360	360;
	65	66	0.21	0.0759	0	0	0	0	0	0	1	-360	360;
	66	67	0.383	0.138	0	0	0	0	0	0	1	-360	360;
	67	68	0.504	0.3303	0	0	0	0	0	0	1	-360	360;
	68	69	0.406	0.1461	0	0	0	0	0	0	1	-360	360;
	69	70	0.962	0.761	0	0	0	0	0	0	1	-360	360;
	70	71	0.165	0.06	0	0	0	0	0	0	1	-360	360;
	71	72	0.303	0.1092	0	0	0	0	0	0	1	-360	360;
	72	73	0.303	0.1092	0	0	0	0	0	0	1	-360	360;
	73	74	0.206	0.144	0	0	0	0	0	0	1	-360	360;
	74	75	0.233	0.084	0	0	0	0	0	0	1	-360	360;
	75	76	0.591	0.1773	0	0	0	0	0	0	1	-360	360;
	76	77	0.126	0.0453	0	0	0	0	0	0	1	-360	360;
	64	78	0.559	0.3687	0	0	0	0	0	0	1	-360	360;
	78	79	0.186	0.1227	0	0	0	0	0	0	1	-360	360;
	79	80	0.186	0.1227	0	0	0	0	0	0	1	-360	360;
	80	81	0.26	0.139	0	0	0	0	0	0	1	-360	360;
	81	82	0.154	0.148	0	0	0	0	0	0	1	-360	360;
	82	83	0.23	0.128	0	0	0	0	0	0	1	-360	360;
	83	84	0.252	0.106	0	0	0	0	0	0	1	-360	360;
	84	85	0.18	0.148	0	0	0	0	0	0	1	-360	360;
	79	86	0.16	0.182	0	0	0	0	0	0	1	-360	360;
	86	87	0.2	0.23	0	0	0	0	0	0	1	-360	360;
	87	88	0.16	0.393	0	0	0	0	0	0	1	-360	360;
	65	89	0.669	0.2412	0	0	0	0	0	0	1	-360	360;
	89	90	0.266	0.1227	0	0	0	0	0	0	1	-360	360;
	90	91	0.266	0.1227	0	0	0	0	0	0	1	-360	360;
	91	92	0.266	0.1227	0	0	0	0	0	0	1	-360	360;
	92	93	0.266	0.1227	0	0	0	0	0	0	1	-360	360;
	93	94	0.233	0.115	0	0	0	0	0	0	1	-360	360;
	94	95	0.496	0.138	0	0	0	0	0	0	1	-360	360;
	91	96	0.196	0.18	0	0	0	0	0	0	1	-360	360;
	96	97	0.196	0.18	0	0	0	0	0	0	1	-360	360;
	97	98	0.1866	0.122	0	0	0	0	0	0	1	-360	360;
	98	99	0.0746	0.318	0	0	0	0	0	0	1	-360	360;
	1	100	0.0625	0.0265	0	0	0	0	0	0	1	-360	360;
	100	101	0.1501	0.234	0	0	0	0	0	0	1	-360	360;
	101	102	0.1347	0.0888	0	0	0	0	0	0	1	-360	360;
	102	103	0.2307	0.1203	0	0	0	0	0	0	1	-360	360;
	103	104	0.447	0.1608	0	0	0	0	0	0	1	-360	360;
	104	105	0.1632	0.0588	0	0	0	0	0	0	1	-360	360;
	105	106	0.33	0.099	0	0	0	0	0	0	1	-360	360;
	106	107	0.156	0.0561	0	0	0	0	0	0	1	-360	360;
	107	108	0.3819	0.1374	0	0	0	0	0	0	1	-360	360;
	108	109	0.1626	0.0585	0	0	0	0	0	0	1	-360	360;
	109	110	0.3819	0.1374	0	0	0	0	0	0	1	-360	360;
	110	111	0.2445	0.0879	0	0	0	0	0	0	1	-360	360;
	110	112	0.2088	0.0753	0	0	0	0	0	0	1	-360	360;
	112	113	0.2301	0.0828	0	0	0	0	0	0	1	-360	360;
	100	114	0.6102	0.2196	0	0	0	0	0	0	1	-360	360;
	114	115	0.1866	0.127	0	0	0	0	0	0	1	-360	360;
	115	116	0.3732	0.246	0	0	0	0	0	0	1	-360	360;
	116	117	0.405	0.367	0	0	0	0	0	0	1	-360	360;
	117	118	0.489	0.438	0	0	0	0	0	0	1	-360	360;
	46	27	0.5258	0.2925	0	0	0	0	0	0	0	-360	360;
	17	27	0.5258	0.2916	0	0	0	0	0	0	0	-360	360;
	8	24	0.4272	0.1539	0	0	0	0	0	0	0	-360	360;
	54	43	0.48	0.1728	0	0	0	0	0	0	0	-360	360;
	62	49	0.36	0.1296	0	0	0	0	0	0	0	-360	360;
	37	62	0.57	0.572	0	0	0	0	0	0	0	-360	360;
	9	40	0.53	0.3348	0	0	0	0	0	0	0	-360	360;
	58	96	0.3957	0.1425	0	0	0	0	0	0	0	-360	360;
	73	91	0.68	0.648	0	0	0	0	0	0	0	-360	360;
	88	75	0.4062	0.1464	0	0	0	0	0	0	0	-360	360;
	99	77	0.4626	0.1674	0	0	0	0	0	0	0	-360	360;
	108	83	0.651	0.234	0	0	0	0	0	0	0	-360	360;
	105	86	0.8125	0.2925	0	0	0	0	0	0	0	-360	360;
	110	118	0.7089	0.2553	0	0	0	0	0	0	0	-360	360;
	25	35	0.5	0.5	0	0	0	0	0	0	0	-360	360;