1184.6017 0.0000 0.0000 0.0000 0.0000 0.0000 0.0000 0.0000 16.6100 0.0000 0.0000 0.0000 0.0000 0.0000 0.0000 0.0000 0.0000 0.0000 0.0000 0.0000 0.0000 0.0000 0.0000 0.0000 0.0000 38.0400 0.0000 0.0000 0.0000 0.0000 37.0700 0.0000 0.0000
932.6175 0.0000 0.0000 0.0000 0.0000 0.0000 0.0000 0.0000 36.5900 0.0000 0.0000 0.0000 0.0000 0.0000 0.0000 0.0000 0.0000 0.0000 0.0000 0.0000 0.0000 0.0000 0.0000 0.0000 0.0000 76.1700 0.0000 0.0000 0.0000 0.0000 77.1200 0.0000 0.0000
908.1394 0.0000 0.0000 0.0000 0.0000 0.0000 0.0000 0.0000 26.5600 0.0000 0.0000 0.0000 0.0000 0.0000 0.0000 0.0000 0.0000 0.0000 0.0000 0.0000 0.0000 0.0000 0.0000 0.0000 0.0000 56.7400 0.0000 0.0000 0.0000 0.0000 56.4000 0.0000 0.0000
891.5930 0.0000 0.0000 0.0000 0.0000 0.0000 0.0000 0.0000 14.4800 0.0000 0.0000 0.0000 0.0000 0.0000 0.0000 0.0000 0.0000 0.0000 0.0000 0.0000 0.0000 0.0000 0.0000 0.0000 0.0000 34.2700 0.0000 0.0000 0.0000 0.0000 33.0200 0.0000 0.0000
900.4902 0.0000 0.0000 0.0000 0.0000 0.0000 0.0000 0.0000 12.0013 0.0000 0.0000 0.0000 0.0000 0.0000 0.0000 0.0000 0.0000 0.0000 0.0000 0.0000 0.0000 0.0000 0.0000 0.0000 0.0000 31.1700 0.0000 0.0000 0.0000 0.0000 29.8700 0.0000 0.0000
968.2438 0.0000 0.0000 0.0000 0.0000 0.0000 0.0000 0.0000 14.5494 0.0000 0.0000 0.0000 0.0000 0.0000 0.0000 0.0000 0.0000 0.0000 0.0000 0.0000 0.0000 0.0000 0.0000 0.0000 0.0000 32.7949 0.0000 0.0000 0.0000 0.0000 33.4259 0.0000 0.0000
1177.9730 0.0000 0.0000 0.0000 0.0000 0.0000 0.0000 0.0000 17.0460 0.0000 0.0000 0.0000 0.0000 0.0000 0.0000 0.0000 0.0000 0.0000 0.0000 0.0000 0.0000 0.0000 0.0000 0.0000 0.0000 40.6500 0.0000 0.0000 0.0000 0.0000 40.4900 0.0000 0.0000
1644.2161 0.0000 0.0000 0.0000 0.0000 0.0000 0.0000 0.0000 16.6700 0.0000 0.0000 0.0000 0.0000 0.0000 0.0000 0.0000 0.0000 0.0000 0.0000 0.0000 0.0000 0.0000 0.0000 0.0000 0.0000 36.0500 0.0000 0.0000 0.0000 0.0000 37.4000 0.0000 0.0000
2073.7378 0.0000 0.0000 0.0000 0.0000 0.0000 0.0000 0.0000 14.3454 0.0000 0.0000 0.0000 0.0000 0.0000 0.0000 0.0000 0.0000 0.0000 0.0000 0.0000 0.0000 0.0000 0.0000 0.0000 0.0000 34.9900 0.0000 0.0000 0.0000 0.0000 35.0000 0.0000 0.0000
2395.1140 0.0000 0.0000 0.0000 0.0000 0.0000 0.0000 0.0000 12.5800 0.0000 0.0000 0.0000 0.0000 0.0000 0.0000 0.0000 0.0000 0.0000 0.0000 0.0000 0.0000 0.0000 0.0000 0.0000 0.0000 31.5200 0.0000 0.0000 0.0000 0.0000 29.6700 0.0000 0.0000
2532.3608 0.0000 0.0000 0.0000 0.0000 0.0000 0.0000 0.0000 16.6600 0.0000 0.0000 0.0000 0.0000 0.0000 0.0000 0.0000 0.0000 0.0000 0.0000 0.0000 0.0000 0.0000 0.0000 0.0000 0.0000 37.9800 0.0000 0.0000 0.0000 0.0000 36.9000 0.0000 0.0000
2561.1153 0.0000 0.0000 0.0000 0.0000 0.0000 0.0000 0.0000 19.6900 0.0000 0.0000 0.0000 0.0000 0.0000 0.0000 0.0000 0.0000 0.0000 0.0000 0.0000 0.0000 0.0000 0.0000 0.0000 0.0000 40.9200 0.0000 0.0000 0.0000 0.0000 40.7100 0.0000 0.0000
2438.3411 0.0000 0.0000 0.0000 0.0000 0.0000 0.0000 0.0000 35.2700 0.0000 0.0000 0.0000 0.0000 0.0000 0.0000 0.0000 0.0000 0.0000 0.0000 0.0000 0.0000 0.0000 0.0000 0.0000 0.0000 74.5000 0.0000 0.0000 0.0000 0.0000 71.5499 0.0000 0.0000
2371.2703 0.0000 0.0000 0.0000 0.0000 0.0000 0.0000 0.0000 54.8400 0.0000 0.0000 0.0000 0.0000 0.0000 0.0000 0.0000 0.0000 0.0000 0.0000 0.0000 0.0000 0.0000 0.0000 0.0000 0.0000 114.6500 0.0000 0.0000 0.0000 0.0000 112.4800 0.0000 0.0000
2263.0688 0.0000 0.0000 0.0000 0.0000 0.0000 0.0000 0.0000 75.8400 0.0000 0.0000 0.0000 0.0000 0.0000 0.0000 0.0000 0.0000 0.0000 0.0000 0.0000 0.0000 0.0000 0.0000 0.0000 0.0000 154.5900 0.0000 0.0000 0.0000 0.0000 154.5300 0.0000 0.0000
2135.5508 0.0000 0.0000 0.0000 0.0000 0.0000 0.0000 0.0000 77.8300 0.0000 0.0000 0.0000 0.0000 0.0000 0.0000 0.0000 0.0000 0.0000 0.0000 0.0000 0.0000 0.0000 0.0000 0.0000 0.0000 159.4900 0.0000 0.0000 0.0000 0.0000 158.4020 0.0000 0.0000
2142.5159 0.0000 0.0000 0.0000 0.0000 0.0000 0.0000 0.0000 69.5600 0.0000 0.0000 0.0000 0.0000 0.0000 0.0000 0.0000 0.0000 0.0000 0.0000 0.0000 0.0000 0.0000 0.0000 0.0000 0.0000 141.8200 0.0000 0.0000 0.0000 0.0000 140.6400 0.0000 0.0000
2114.7211 0.0000 0.0000 0.0000 0.0000 0.0000 0.0000 0.0000 74.3000 0.0000 0.0000 0.0000 0.0000 0.0000 0.0000 0.0000 0.0000 0.0000 0.0000 0.0000 0.0000 0.0000 0.0000 0.0000 0.0000 151.2960 0.0000 0.0000 0.0000 0.0000 152.9900 0.0000 0.0000
2033.4261 0.0000 0.0000 0.0000 0.0000 0.0000 0.0000 0.0000 67.2900 0.0000 0.0000 0.0000 0.0000 0.0000 0.0000 0.0000 0.0000 0.0000 0.0000 0.0000 0.0000 0.0000 0.0000 0.0000 0.0000 138.7800 0.0000 0.0000 0.0000 0.0000 139.2900 0.0000 0.0000
1986.4883 0.0000 0.0000 0.0000 0.0000 0.0000 0.0000 0.0000 70.4900 0.0000 0.0000 0.0000 0.0000 0.0000 0.0000 0.0000 0.0000 0.0000 0.0000 0.0000 0.0000 0.0000 0.0000 0.0000 0.0000 142.4100 0.0000 0.0000 0.0000 0.0000 140.4785 0.0000 0.0000
2054.3786 0.0000 0.0000 0.0000 0.0000 0.0000 0.0000 0.0000 55.3410 0.0000 0.0000 0.0000 0.0000 0.0000 0.0000 0.0000 0.0000 0.0000 0.0000 0.0000 0.0000 0.0000 0.0000 0.0000 0.0000 116.0900 0.0000 0.0000 0.0000 0.0000 116.8200 0.0000 0.0000
2195.4197 0.0000 0.0000 0.0000 0.0000 0.0000 0.0000 0.0000 36.6000 0.0000 0.0000 0.0000 0.0000 0.0000 0.0000 0.0000 0.0000 0.0000 0.0000 0.0000 0.0000 0.0000 0.0000 0.0000 0.0000 77.4800 0.0000 0.0000 0.0000 0.0000 76.4800 0.0000 0.0000
2027.4314 0.0000 0.0000 0.0000 0.0000 0.0000 0.0000 0.0000 23.7700 0.0000 0.0000 0.0000 0.0000 0.0000 0.0000 0.0000 0.0000 0.0000 0.0000 0.0000 0.0000 0.0000 0.0000 0.0000 0.0000 52.3300 0.0000 0.0000 0.0000 0.0000 52.8000 0.0000 0.0000
1445.3874 0.0000 0.0000 0.0000 0.0000 0.0000 0.0000 0.0000 25.4300 0.0000 0.0000 0.0000 0.0000 0.0000 0.0000 0.0000 0.0000 0.0000 0.0000 0.0000 0.0000 0.0000 0.0000 0.0000 0.0000 56.1100 0.0000 0.0000 0.0000 0.0000 53.0349 0.0000 0.0000
