1182.6444 0.0000 0.0000 0.0000 0.0000 0.0000 0.0000 0.0000 17.0900 0.0000 0.0000 0.0000 0.0000 0.0000 0.0000 0.0000 0.0000 0.0000 0.0000 0.0000 0.0000 0.0000 0.0000 0.0000 0.0000 38.4800 0.0000 0.0000 0.0000 0.0000 38.0600 0.0000 0.0000
930.6602 0.0000 0.0000 0.0000 0.0000 0.0000 0.0000 0.0000 37.0900 0.0000 0.0000 0.0000 0.0000 0.0000 0.0000 0.0000 0.0000 0.0000 0.0000 0.0000 0.0000 0.0000 0.0000 0.0000 0.0000 76.6700 0.0000 0.0000 0.0000 0.0000 78.0400 0.0000 0.0000
906.2219 0.0000 0.0000 0.0000 0.0000 0.0000 0.0000 0.0000 27.0400 0.0000 0.0000 0.0000 0.0000 0.0000 0.0000 0.0000 0.0000 0.0000 0.0000 0.0000 0.0000 0.0000 0.0000 0.0000 0.0000 57.2000 0.0000 0.0000 0.0000 0.0000 57.3400 0.0000 0.0000
889.8691 0.0000 0.0000 0.0000 0.0000 0.0000 0.0000 0.0000 14.9800 0.0000 0.0000 0.0000 0.0000 0.0000 0.0000 0.0000 0.0000 0.0000 0.0000 0.0000 0.0000 0.0000 0.0000 0.0000 0.0000 34.6900 0.0000 0.0000 0.0000 0.0000 33.7900 0.0000 0.0000
898.8910 0.0000 0.0000 0.0000 0.0000 0.0000 0.0000 0.0000 12.1565 0.0000 0.0000 0.0000 0.0000 0.0000 0.0000 0.0000 0.0000 0.0000 0.0000 0.0000 0.0000 0.0000 0.0000 0.0000 0.0000 31.6100 0.0000 0.0000 0.0000 0.0000 30.8400 0.0000 0.0000
966.5507 0.0000 0.0000 0.0000 0.0000 0.0000 0.0000 0.0000 13.8708 0.0000 0.0000 0.0000 0.0000 0.0000 0.0000 0.0000 0.0000 0.0000 0.0000 0.0000 0.0000 0.0000 0.0000 0.0000 0.0000 34.2296 0.0000 0.0000 0.0000 0.0000 34.3267 0.0000 0.0000
1176.0832 0.0000 0.0000 0.0000 0.0000 0.0000 0.0000 0.0000 17.4052 0.0000 0.0000 0.0000 0.0000 0.0000 0.0000 0.0000 0.0000 0.0000 0.0000 0.0000 0.0000 0.0000 0.0000 0.0000 0.0000 41.1700 0.0000 0.0000 0.0000 0.0000 41.4500 0.0000 0.0000
1642.2397 0.0000 0.0000 0.0000 0.0000 0.0000 0.0000 0.0000 17.0900 0.0000 0.0000 0.0000 0.0000 0.0000 0.0000 0.0000 0.0000 0.0000 0.0000 0.0000 0.0000 0.0000 0.0000 0.0000 0.0000 36.5200 0.0000 0.0000 0.0000 0.0000 38.4200 0.0000 0.0000
2071.7609 0.0000 0.0000 0.0000 0.0000 0.0000 0.0000 0.0000 14.7396 0.0000 0.0000 0.0000 0.0000 0.0000 0.0000 0.0000 0.0000 0.0000 0.0000 0.0000 0.0000 0.0000 0.0000 0.0000 0.0000 35.5200 0.0000 0.0000 0.0000 0.0000 35.9700 0.0000 0.0000
2393.4365 0.0000 0.0000 0.0000 0.0000 0.0000 0.0000 0.0000 12.9300 0.0000 0.0000 0.0000 0.0000 0.0000 0.0000 0.0000 0.0000 0.0000 0.0000 0.0000 0.0000 0.0000 0.0000 0.0000 0.0000 32.0600 0.0000 0.0000 0.0000 0.0000 30.3800 0.0000 0.0000
2530.3370 0.0000 0.0000 0.0000 0.0000 0.0000 0.0000 0.0000 17.1500 0.0000 0.0000 0.0000 0.0000 0.0000 0.0000 0.0000 0.0000 0.0000 0.0000 0.0000 0.0000 0.0000 0.0000 0.0000 0.0000 38.4700 0.0000 0.0000 0.0000 0.0000 37.8400 0.0000 0.0000
2559.0791 0.0000 0.0000 0.0000 0.0000 0.0000 0.0000 0.0000 20.1200 0.0000 0.0000 0.0000 0.0000 0.0000 0.0000 0.0000 0.0000 0.0000 0.0000 0.0000 0.0000 0.0000 0.0000 0.0000 0.0000 41.4300 0.0000 0.0000 0.0000 0.0000 41.7000 0.0000 0.0000
2436.5717 0.0000 0.0000 0.0000 0.0000 0.0000 0.0000 0.0000 35.7200 0.0000 0.0000 0.0000 0.0000 0.0000 0.0000 0.0000 0.0000 0.0000 0.0000 0.0000 0.0000 0.0000 0.0000 0.0000 0.0000 74.9800 0.0000 0.0000 0.0000 0.0000 72.3053 0.0000 0.0000
2369.3482 0.0000 0.0000 0.0000 0.0000 0.0000 0.0000 0.0000 55.1900 0.0000 0.0000 0.0000 0.0000 0.0000 0.0000 0.0000 0.0000 0.0000 0.0000 0.0000 0.0000 0.0000 0.0000 0.0000 0.0000 115.1500 0.0000 0.0000 0.0000 0.0000 113.4500 0.0000 0.0000
2261.4254 0.0000 0.0000 0.0000 0.0000 0.0000 0.0000 0.0000 76.3300 0.0000 0.0000 0.0000 0.0000 0.0000 0.0000 0.0000 0.0000 0.0000 0.0000 0.0000 0.0000 0.0000 0.0000 0.0000 0.0000 155.1000 0.0000 0.0000 0.0000 0.0000 155.5300 0.0000 0.0000
2133.6587 0.0000 0.0000 0.0000 0.0000 0.0000 0.0000 0.0000 78.3101 0.0000 0.0000 0.0000 0.0000 0.0000 0.0000 0.0000 0.0000 0.0000 0.0000 0.0000 0.0000 0.0000 0.0000 0.0000 0.0000 159.9800 0.0000 0.0000 0.0000 0.0000 159.2400 0.0000 0.0000
2140.5142 0.0000 0.0000 0.0000 0.0000 0.0000 0.0000 0.0000 70.0300 0.0000 0.0000 0.0000 0.0000 0.0000 0.0000 0.0000 0.0000 0.0000 0.0000 0.0000 0.0000 0.0000 0.0000 0.0000 0.0000 142.3300 0.0000 0.0000 0.0000 0.0000 141.5700 0.0000 0.0000
2113.4385 0.0000 0.0000 0.0000 0.0000 0.0000 0.0000 0.0000 74.7400 0.0000 0.0000 0.0000 0.0000 0.0000 0.0000 0.0000 0.0000 0.0000 0.0000 0.0000 0.0000 0.0000 0.0000 0.0000 0.0000 151.1439 0.0000 0.0000 0.0000 0.0000 153.9200 0.0000 0.0000
2031.4702 0.0000 0.0000 0.0000 0.0000 0.0000 0.0000 0.0000 67.6200 0.0000 0.0000 0.0000 0.0000 0.0000 0.0000 0.0000 0.0000 0.0000 0.0000 0.0000 0.0000 0.0000 0.0000 0.0000 0.0000 139.3000 0.0000 0.0000 0.0000 0.0000 140.3100 0.0000 0.0000
1984.8609 0.0000 0.0000 0.0000 0.0000 0.0000 0.0000 0.0000 70.9600 0.0000 0.0000 0.0000 0.0000 0.0000 0.0000 0.0000 0.0000 0.0000 0.0000 0.0000 0.0000 0.0000 0.0000 0.0000 0.0000 142.8571 0.0000 0.0000 0.0000 0.0000 141.1197 0.0000 0.0000
2052.4530 0.0000 0.0000 0.0000 0.0000 0.0000 0.0000 0.0000 55.7099 0.0000 0.0000 0.0000 0.0000 0.0000 0.0000 0.0000 0.0000 0.0000 0.0000 0.0000 0.0000 0.0000 0.0000 0.0000 0.0000 116.5900 0.0000 0.0000 0.0000 0.0000 117.7900 0.0000 0.0000
2193.3874 0.0000 0.0000 0.0000 0.0000 0.0000 0.0000 0.0000 37.0800 0.0000 0.0000 0.0000 0.0000 0.0000 0.0000 0.0000 0.0000 0.0000 0.0000 0.0000 0.0000 0.0000 0.0000 0.0000 0.0000 77.9300 0.0000 0.0000 0.0000 0.0000 77.4800 0.0000 0.0000
2025.3257 0.0000 0.0000 0.0000 0.0000 0.0000 0.0000 0.0000 24.2800 0.0000 0.0000 0.0000 0.0000 0.0000 0.0000 0.0000 0.0000 0.0000 0.0000 0.0000 0.0000 0.0000 0.0000 0.0000 0.0000 52.8400 0.0000 0.0000 0.0000 0.0000 53.8000 0.0000 0.0000
1443.7932 0.0000 0.0000 0.0000 0.0000 0.0000 0.0000 0.0000 25.8900 0.0000 0.0000 0.0000 0.0000 0.0000 0.0000 0.0000 0.0000 0.0000 0.0000 0.0000 0.0000 0.0000 0.0000 0.0000 0.0000 56.6100 0.0000 0.0000 0.0000 0.0000 53.6200 0.0000 0.0000
