1181.6069 0.0000 0.0000 0.0000 0.0000 0.0000 0.0000 0.0000 17.6000 0.0000 0.0000 0.0000 0.0000 0.0000 0.0000 0.0000 0.0000 0.0000 0.0000 0.0000 0.0000 0.0000 0.0000 0.0000 0.0000 38.9800 0.0000 0.0000 0.0000 0.0000 38.0700 0.0000 0.0000
929.8429 0.0000 0.0000 0.0000 0.0000 0.0000 0.0000 0.0000 37.5600 0.0000 0.0000 0.0000 0.0000 0.0000 0.0000 0.0000 0.0000 0.0000 0.0000 0.0000 0.0000 0.0000 0.0000 0.0000 0.0000 77.1200 0.0000 0.0000 0.0000 0.0000 78.0500 0.0000 0.0000
905.2061 0.0000 0.0000 0.0000 0.0000 0.0000 0.0000 0.0000 27.5300 0.0000 0.0000 0.0000 0.0000 0.0000 0.0000 0.0000 0.0000 0.0000 0.0000 0.0000 0.0000 0.0000 0.0000 0.0000 0.0000 57.7100 0.0000 0.0000 0.0000 0.0000 57.3400 0.0000 0.0000
888.9592 0.0000 0.0000 0.0000 0.0000 0.0000 0.0000 0.0000 15.4800 0.0000 0.0000 0.0000 0.0000 0.0000 0.0000 0.0000 0.0000 0.0000 0.0000 0.0000 0.0000 0.0000 0.0000 0.0000 0.0000 35.1800 0.0000 0.0000 0.0000 0.0000 33.7700 0.0000 0.0000
898.7485 0.0000 0.0000 0.0000 0.0000 0.0000 0.0000 0.0000 12.0236 0.0000 0.0000 0.0000 0.0000 0.0000 0.0000 0.0000 0.0000 0.0000 0.0000 0.0000 0.0000 0.0000 0.0000 0.0000 0.0000 32.1000 0.0000 0.0000 0.0000 0.0000 30.8600 0.0000 0.0000
967.3214 0.0000 0.0000 0.0000 0.0000 0.0000 0.0000 0.0000 14.1008 0.0000 0.0000 0.0000 0.0000 0.0000 0.0000 0.0000 0.0000 0.0000 0.0000 0.0000 0.0000 0.0000 0.0000 0.0000 0.0000 33.8525 0.0000 0.0000 0.0000 0.0000 33.9090 0.0000 0.0000
1175.1511 0.0000 0.0000 0.0000 0.0000 0.0000 0.0000 0.0000 17.8433 0.0000 0.0000 0.0000 0.0000 0.0000 0.0000 0.0000 0.0000 0.0000 0.0000 0.0000 0.0000 0.0000 0.0000 0.0000 0.0000 41.6600 0.0000 0.0000 0.0000 0.0000 41.4600 0.0000 0.0000
1641.2568 0.0000 0.0000 0.0000 0.0000 0.0000 0.0000 0.0000 17.5700 0.0000 0.0000 0.0000 0.0000 0.0000 0.0000 0.0000 0.0000 0.0000 0.0000 0.0000 0.0000 0.0000 0.0000 0.0000 0.0000 37.0100 0.0000 0.0000 0.0000 0.0000 38.4100 0.0000 0.0000
2070.9991 0.0000 0.0000 0.0000 0.0000 0.0000 0.0000 0.0000 15.0300 0.0000 0.0000 0.0000 0.0000 0.0000 0.0000 0.0000 0.0000 0.0000 0.0000 0.0000 0.0000 0.0000 0.0000 0.0000 0.0000 35.9700 0.0000 0.0000 0.0000 0.0000 35.9700 0.0000 0.0000
2392.4944 0.0000 0.0000 0.0000 0.0000 0.0000 0.0000 0.0000 13.4400 0.0000 0.0000 0.0000 0.0000 0.0000 0.0000 0.0000 0.0000 0.0000 0.0000 0.0000 0.0000 0.0000 0.0000 0.0000 0.0000 32.5000 0.0000 0.0000 0.0000 0.0000 30.3400 0.0000 0.0000
2529.3209 0.0000 0.0000 0.0000 0.0000 0.0000 0.0000 0.0000 17.6500 0.0000 0.0000 0.0000 0.0000 0.0000 0.0000 0.0000 0.0000 0.0000 0.0000 0.0000 0.0000 0.0000 0.0000 0.0000 0.0000 38.9800 0.0000 0.0000 0.0000 0.0000 37.8100 0.0000 0.0000
2558.0507 0.0000 0.0000 0.0000 0.0000 0.0000 0.0000 0.0000 20.6200 0.0000 0.0000 0.0000 0.0000 0.0000 0.0000 0.0000 0.0000 0.0000 0.0000 0.0000 0.0000 0.0000 0.0000 0.0000 0.0000 41.9200 0.0000 0.0000 0.0000 0.0000 41.7000 0.0000 0.0000
2435.5507 0.0000 0.0000 0.0000 0.0000 0.0000 0.0000 0.0000 36.1800 0.0000 0.0000 0.0000 0.0000 0.0000 0.0000 0.0000 0.0000 0.0000 0.0000 0.0000 0.0000 0.0000 0.0000 0.0000 0.0000 75.4700 0.0000 0.0000 0.0000 0.0000 72.3400 0.0000 0.0000
2368.3147 0.0000 0.0000 0.0000 0.0000 0.0000 0.0000 0.0000 55.6800 0.0000 0.0000 0.0000 0.0000 0.0000 0.0000 0.0000 0.0000 0.0000 0.0000 0.0000 0.0000 0.0000 0.0000 0.0000 0.0000 115.6400 0.0000 0.0000 0.0000 0.0000 113.4600 0.0000 0.0000
2259.9583 0.0000 0.0000 0.0000 0.0000 0.0000 0.0000 0.0000 76.8200 0.0000 0.0000 0.0000 0.0000 0.0000 0.0000 0.0000 0.0000 0.0000 0.0000 0.0000 0.0000 0.0000 0.0000 0.0000 0.0000 155.5900 0.0000 0.0000 0.0000 0.0000 155.5200 0.0000 0.0000
2132.6317 0.0000 0.0000 0.0000 0.0000 0.0000 0.0000 0.0000 78.8000 0.0000 0.0000 0.0000 0.0000 0.0000 0.0000 0.0000 0.0000 0.0000 0.0000 0.0000 0.0000 0.0000 0.0000 0.0000 0.0000 160.4900 0.0000 0.0000 0.0000 0.0000 159.2300 0.0000 0.0000
2139.5279 0.0000 0.0000 0.0000 0.0000 0.0000 0.0000 0.0000 70.5400 0.0000 0.0000 0.0000 0.0000 0.0000 0.0000 0.0000 0.0000 0.0000 0.0000 0.0000 0.0000 0.0000 0.0000 0.0000 0.0000 142.7900 0.0000 0.0000 0.0000 0.0000 141.5500 0.0000 0.0000
2112.4866 0.0000 0.0000 0.0000 0.0000 0.0000 0.0000 0.0000 75.2300 0.0000 0.0000 0.0000 0.0000 0.0000 0.0000 0.0000 0.0000 0.0000 0.0000 0.0000 0.0000 0.0000 0.0000 0.0000 0.0000 151.5813 0.0000 0.0000 0.0000 0.0000 153.9100 0.0000 0.0000
2030.5281 0.0000 0.0000 0.0000 0.0000 0.0000 0.0000 0.0000 68.1100 0.0000 0.0000 0.0000 0.0000 0.0000 0.0000 0.0000 0.0000 0.0000 0.0000 0.0000 0.0000 0.0000 0.0000 0.0000 0.0000 139.7700 0.0000 0.0000 0.0000 0.0000 140.2600 0.0000 0.0000
1983.8426 0.0000 0.0000 0.0000 0.0000 0.0000 0.0000 0.0000 71.4700 0.0000 0.0000 0.0000 0.0000 0.0000 0.0000 0.0000 0.0000 0.0000 0.0000 0.0000 0.0000 0.0000 0.0000 0.0000 0.0000 143.3600 0.0000 0.0000 0.0000 0.0000 141.0938 0.0000 0.0000
2051.5057 0.0000 0.0000 0.0000 0.0000 0.0000 0.0000 0.0000 56.1133 0.0000 0.0000 0.0000 0.0000 0.0000 0.0000 0.0000 0.0000 0.0000 0.0000 0.0000 0.0000 0.0000 0.0000 0.0000 0.0000 117.0900 0.0000 0.0000 0.0000 0.0000 117.8000 0.0000 0.0000
2192.5429 0.0000 0.0000 0.0000 0.0000 0.0000 0.0000 0.0000 37.5900 0.0000 0.0000 0.0000 0.0000 0.0000 0.0000 0.0000 0.0000 0.0000 0.0000 0.0000 0.0000 0.0000 0.0000 0.0000 0.0000 78.4200 0.0000 0.0000 0.0000 0.0000 77.4800 0.0000 0.0000
2024.3271 0.0000 0.0000 0.0000 0.0000 0.0000 0.0000 0.0000 24.7500 0.0000 0.0000 0.0000 0.0000 0.0000 0.0000 0.0000 0.0000 0.0000 0.0000 0.0000 0.0000 0.0000 0.0000 0.0000 0.0000 53.3400 0.0000 0.0000 0.0000 0.0000 53.8000 0.0000 0.0000
1442.6820 0.0000 0.0000 0.0000 0.0000 0.0000 0.0000 0.0000 26.3900 0.0000 0.0000 0.0000 0.0000 0.0000 0.0000 0.0000 0.0000 0.0000 0.0000 0.0000 0.0000 0.0000 0.0000 0.0000 0.0000 57.1200 0.0000 0.0000 0.0000 0.0000 53.6919 0.0000 0.0000
