1187.5194 0.0000 0.0000 0.0000 0.0000 0.0000 0.0000 0.0000 15.8220 0.0000 0.0000 0.0000 0.0000 0.0000 0.0000 0.0000 0.0000 0.0000 0.0000 0.0000 0.0000 0.0000 0.0000 0.0000 0.0000 36.9800 0.0000 0.0000 0.0000 0.0000 36.0619 0.0000 0.0000
935.0371 0.0000 0.0000 0.0000 0.0000 0.0000 0.0000 0.0000 35.9080 0.0000 0.0000 0.0000 0.0000 0.0000 0.0000 0.0000 0.0000 0.0000 0.0000 0.0000 0.0000 0.0000 0.0000 0.0000 0.0000 75.5580 0.0000 0.0000 0.0000 0.0000 76.0400 0.0000 0.0000
910.0405 0.0000 0.0000 0.0000 0.0000 0.0000 0.0000 0.0000 25.6500 0.0000 0.0000 0.0000 0.0000 0.0000 0.0000 0.0000 0.0000 0.0000 0.0000 0.0000 0.0000 0.0000 0.0000 0.0000 0.0000 56.4020 0.0000 0.0000 0.0000 0.0000 55.7820 0.0000 0.0000
894.3826 0.0000 0.0000 0.0000 0.0000 0.0000 0.0000 0.0000 13.8181 0.0000 0.0000 0.0000 0.0000 0.0000 0.0000 0.0000 0.0000 0.0000 0.0000 0.0000 0.0000 0.0000 0.0000 0.0000 0.0000 33.1800 0.0000 0.0000 0.0000 0.0000 32.0341 0.0000 0.0000
902.0851 0.0000 0.0000 0.0000 0.0000 0.0000 0.0000 0.0000 11.7940 0.0000 0.0000 0.0000 0.0000 0.0000 0.0000 0.0000 0.0000 0.0000 0.0000 0.0000 0.0000 0.0000 0.0000 0.0000 0.0000 30.1000 0.0000 0.0000 0.0000 0.0000 29.5799 0.0000 0.0000
996.7446 0.0000 0.0000 0.0000 0.0000 0.0000 0.0000 0.0000 8.0539 0.0000 0.0000 0.0000 0.0000 0.0000 0.0000 0.0000 0.0000 0.0000 0.0000 0.0000 0.0000 0.0000 0.0000 0.0000 0.0000 26.1239 0.0000 0.0000 0.0000 0.0000 18.6659 0.0000 0.0000
1179.7982 0.0000 0.0000 0.0000 0.0000 0.0000 0.0000 0.0000 16.3101 0.0000 0.0000 0.0000 0.0000 0.0000 0.0000 0.0000 0.0000 0.0000 0.0000 0.0000 0.0000 0.0000 0.0000 0.0000 0.0000 39.9261 0.0000 0.0000 0.0000 0.0000 40.1662 0.0000 0.0000
1645.8027 0.0000 0.0000 0.0000 0.0000 0.0000 0.0000 0.0000 15.7560 0.0000 0.0000 0.0000 0.0000 0.0000 0.0000 0.0000 0.0000 0.0000 0.0000 0.0000 0.0000 0.0000 0.0000 0.0000 0.0000 36.3080 0.0000 0.0000 0.0000 0.0000 36.5320 0.0000 0.0000
2075.3532 0.0000 0.0000 0.0000 0.0000 0.0000 0.0000 0.0000 14.3780 0.0000 0.0000 0.0000 0.0000 0.0000 0.0000 0.0000 0.0000 0.0000 0.0000 0.0000 0.0000 0.0000 0.0000 0.0000 0.0000 33.9800 0.0000 0.0000 0.0000 0.0000 34.4160 0.0000 0.0000
2396.9388 0.0000 0.0000 0.0000 0.0000 0.0000 0.0000 0.0000 12.2520 0.0000 0.0000 0.0000 0.0000 0.0000 0.0000 0.0000 0.0000 0.0000 0.0000 0.0000 0.0000 0.0000 0.0000 0.0000 0.0000 30.5000 0.0000 0.0000 0.0000 0.0000 29.2618 0.0000 0.0000
2535.2914 0.0000 0.0000 0.0000 0.0000 0.0000 0.0000 0.0000 15.7059 0.0000 0.0000 0.0000 0.0000 0.0000 0.0000 0.0000 0.0000 0.0000 0.0000 0.0000 0.0000 0.0000 0.0000 0.0000 0.0000 36.9937 0.0000 0.0000 0.0000 0.0000 36.0439 0.0000 0.0000
2563.2628 0.0000 0.0000 0.0000 0.0000 0.0000 0.0000 0.0000 18.7840 0.0000 0.0000 0.0000 0.0000 0.0000 0.0000 0.0000 0.0000 0.0000 0.0000 0.0000 0.0000 0.0000 0.0000 0.0000 0.0000 39.9200 0.0000 0.0000 0.0000 0.0000 40.5520 0.0000 0.0000
2440.8720 0.0000 0.0000 0.0000 0.0000 0.0000 0.0000 0.0000 34.3199 0.0000 0.0000 0.0000 0.0000 0.0000 0.0000 0.0000 0.0000 0.0000 0.0000 0.0000 0.0000 0.0000 0.0000 0.0000 0.0000 73.4700 0.0000 0.0000 0.0000 0.0000 71.1000 0.0000 0.0000
2373.4533 0.0000 0.0000 0.0000 0.0000 0.0000 0.0000 0.0000 53.9760 0.0000 0.0000 0.0000 0.0000 0.0000 0.0000 0.0000 0.0000 0.0000 0.0000 0.0000 0.0000 0.0000 0.0000 0.0000 0.0000 113.6400 0.0000 0.0000 0.0000 0.0000 112.2660 0.0000 0.0000
2265.5029 0.0000 0.0000 0.0000 0.0000 0.0000 0.0000 0.0000 74.8200 0.0000 0.0000 0.0000 0.0000 0.0000 0.0000 0.0000 0.0000 0.0000 0.0000 0.0000 0.0000 0.0000 0.0000 0.0000 0.0000 154.2680 0.0000 0.0000 0.0000 0.0000 153.5540 0.0000 0.0000
2137.0283 0.0000 0.0000 0.0000 0.0000 0.0000 0.0000 0.0000 77.3680 0.0000 0.0000 0.0000 0.0000 0.0000 0.0000 0.0000 0.0000 0.0000 0.0000 0.0000 0.0000 0.0000 0.0000 0.0000 0.0000 158.6820 0.0000 0.0000 0.0000 0.0000 158.2500 0.0000 0.0000
2145.8076 0.0000 0.0000 0.0000 0.0000 0.0000 0.0000 0.0000 68.5300 0.0000 0.0000 0.0000 0.0000 0.0000 0.0000 0.0000 0.0000 0.0000 0.0000 0.0000 0.0000 0.0000 0.0000 0.0000 0.0000 140.7900 0.0000 0.0000 0.0000 0.0000 139.5500 0.0000 0.0000
2117.0304 0.0000 0.0000 0.0000 0.0000 0.0000 0.0000 0.0000 73.6780 0.0000 0.0000 0.0000 0.0000 0.0000 0.0000 0.0000 0.0000 0.0000 0.0000 0.0000 0.0000 0.0000 0.0000 0.0000 0.0000 150.7920 0.0000 0.0000 0.0000 0.0000 151.9100 0.0000 0.0000
2036.1399 0.0000 0.0000 0.0000 0.0000 0.0000 0.0000 0.0000 66.6920 0.0000 0.0000 0.0000 0.0000 0.0000 0.0000 0.0000 0.0000 0.0000 0.0000 0.0000 0.0000 0.0000 0.0000 0.0000 0.0000 137.8160 0.0000 0.0000 0.0000 0.0000 138.2500 0.0000 0.0000
1987.9914 0.0000 0.0000 0.0000 0.0000 0.0000 0.0000 0.0000 69.4600 0.0000 0.0000 0.0000 0.0000 0.0000 0.0000 0.0000 0.0000 0.0000 0.0000 0.0000 0.0000 0.0000 0.0000 0.0000 0.0000 141.4380 0.0000 0.0000 0.0000 0.0000 141.0200 0.0000 0.0000
2055.7906 0.0000 0.0000 0.0000 0.0000 0.0000 0.0000 0.0000 55.2479 0.0000 0.0000 0.0000 0.0000 0.0000 0.0000 0.0000 0.0000 0.0000 0.0000 0.0000 0.0000 0.0000 0.0000 0.0000 0.0000 115.6419 0.0000 0.0000 0.0000 0.0000 116.0139 0.0000 0.0000
2197.8199 0.0000 0.0000 0.0000 0.0000 0.0000 0.0000 0.0000 35.7239 0.0000 0.0000 0.0000 0.0000 0.0000 0.0000 0.0000 0.0000 0.0000 0.0000 0.0000 0.0000 0.0000 0.0000 0.0000 0.0000 76.4200 0.0000 0.0000 0.0000 0.0000 76.1180 0.0000 0.0000
2028.3845 0.0000 0.0000 0.0000 0.0000 0.0000 0.0000 0.0000 23.8160 0.0000 0.0000 0.0000 0.0000 0.0000 0.0000 0.0000 0.0000 0.0000 0.0000 0.0000 0.0000 0.0000 0.0000 0.0000 0.0000 51.7260 0.0000 0.0000 0.0000 0.0000 52.4360 0.0000 0.0000
1446.6307 0.0000 0.0000 0.0000 0.0000 0.0000 0.0000 0.0000 24.7400 0.0000 0.0000 0.0000 0.0000 0.0000 0.0000 0.0000 0.0000 0.0000 0.0000 0.0000 0.0000 0.0000 0.0000 0.0000 0.0000 55.1100 0.0000 0.0000 0.0000 0.0000 53.5060 0.0000 0.0000
