1187.2981 0.0000 0.0000 0.0000 0.0000 0.0000 0.0000 0.0000 15.8200 0.0000 0.0000 0.0000 0.0000 0.0000 0.0000 0.0000 0.0000 0.0000 0.0000 0.0000 0.0000 0.0000 0.0000 0.0000 0.0000 37.0600 0.0000 0.0000 0.0000 0.0000 36.2000 0.0000 0.0000
935.0809 0.0000 0.0000 0.0000 0.0000 0.0000 0.0000 0.0000 35.8500 0.0000 0.0000 0.0000 0.0000 0.0000 0.0000 0.0000 0.0000 0.0000 0.0000 0.0000 0.0000 0.0000 0.0000 0.0000 0.0000 75.1800 0.0000 0.0000 0.0000 0.0000 76.4300 0.0000 0.0000
910.4769 0.0000 0.0000 0.0000 0.0000 0.0000 0.0000 0.0000 25.6740 0.0000 0.0000 0.0000 0.0000 0.0000 0.0000 0.0000 0.0000 0.0000 0.0000 0.0000 0.0000 0.0000 0.0000 0.0000 0.0000 55.7300 0.0000 0.0000 0.0000 0.0000 55.9980 0.0000 0.0000
894.6054 0.0000 0.0000 0.0000 0.0000 0.0000 0.0000 0.0000 13.5700 0.0000 0.0000 0.0000 0.0000 0.0000 0.0000 0.0000 0.0000 0.0000 0.0000 0.0000 0.0000 0.0000 0.0000 0.0000 0.0000 33.2600 0.0000 0.0000 0.0000 0.0000 31.9840 0.0000 0.0000
902.9919 0.0000 0.0000 0.0000 0.0000 0.0000 0.0000 0.0000 11.2939 0.0000 0.0000 0.0000 0.0000 0.0000 0.0000 0.0000 0.0000 0.0000 0.0000 0.0000 0.0000 0.0000 0.0000 0.0000 0.0000 30.2700 0.0000 0.0000 0.0000 0.0000 29.0229 0.0000 0.0000
965.9878 0.0000 0.0000 0.0000 0.0000 0.0000 0.0000 0.0000 13.8040 0.0000 0.0000 0.0000 0.0000 0.0000 0.0000 0.0000 0.0000 0.0000 0.0000 0.0000 0.0000 0.0000 0.0000 0.0000 0.0000 34.4630 0.0000 0.0000 0.0000 0.0000 34.7100 0.0000 0.0000
1179.5369 0.0000 0.0000 0.0000 0.0000 0.0000 0.0000 0.0000 17.2350 0.0000 0.0000 0.0000 0.0000 0.0000 0.0000 0.0000 0.0000 0.0000 0.0000 0.0000 0.0000 0.0000 0.0000 0.0000 0.0000 39.8700 0.0000 0.0000 0.0000 0.0000 39.5600 0.0000 0.0000
1646.9582 0.0000 0.0000 0.0000 0.0000 0.0000 0.0000 0.0000 15.5800 0.0000 0.0000 0.0000 0.0000 0.0000 0.0000 0.0000 0.0000 0.0000 0.0000 0.0000 0.0000 0.0000 0.0000 0.0000 0.0000 35.3729 0.0000 0.0000 0.0000 0.0000 36.5100 0.0000 0.0000
2075.8557 0.0000 0.0000 0.0000 0.0000 0.0000 0.0000 0.0000 13.8700 0.0000 0.0000 0.0000 0.0000 0.0000 0.0000 0.0000 0.0000 0.0000 0.0000 0.0000 0.0000 0.0000 0.0000 0.0000 0.0000 34.2730 0.0000 0.0000 0.0000 0.0000 34.1570 0.0000 0.0000
2396.6746 0.0000 0.0000 0.0000 0.0000 0.0000 0.0000 0.0000 12.5197 0.0000 0.0000 0.0000 0.0000 0.0000 0.0000 0.0000 0.0000 0.0000 0.0000 0.0000 0.0000 0.0000 0.0000 0.0000 0.0000 30.5800 0.0000 0.0000 0.0000 0.0000 29.1700 0.0000 0.0000
2534.9471 0.0000 0.0000 0.0000 0.0000 0.0000 0.0000 0.0000 15.8000 0.0000 0.0000 0.0000 0.0000 0.0000 0.0000 0.0000 0.0000 0.0000 0.0000 0.0000 0.0000 0.0000 0.0000 0.0000 0.0000 37.3100 0.0000 0.0000 0.0000 0.0000 35.9700 0.0000 0.0000
2563.8998 0.0000 0.0000 0.0000 0.0000 0.0000 0.0000 0.0000 18.8700 0.0000 0.0000 0.0000 0.0000 0.0000 0.0000 0.0000 0.0000 0.0000 0.0000 0.0000 0.0000 0.0000 0.0000 0.0000 0.0000 40.0800 0.0000 0.0000 0.0000 0.0000 39.7200 0.0000 0.0000
2440.9610 0.0000 0.0000 0.0000 0.0000 0.0000 0.0000 0.0000 34.5100 0.0000 0.0000 0.0000 0.0000 0.0000 0.0000 0.0000 0.0000 0.0000 0.0000 0.0000 0.0000 0.0000 0.0000 0.0000 0.0000 73.4900 0.0000 0.0000 0.0000 0.0000 70.8109 0.0000 0.0000
2374.4249 0.0000 0.0000 0.0000 0.0000 0.0000 0.0000 0.0000 53.8200 0.0000 0.0000 0.0000 0.0000 0.0000 0.0000 0.0000 0.0000 0.0000 0.0000 0.0000 0.0000 0.0000 0.0000 0.0000 0.0000 113.6500 0.0000 0.0000 0.0000 0.0000 111.5000 0.0000 0.0000
2266.0348 0.0000 0.0000 0.0000 0.0000 0.0000 0.0000 0.0000 74.8570 0.0000 0.0000 0.0000 0.0000 0.0000 0.0000 0.0000 0.0000 0.0000 0.0000 0.0000 0.0000 0.0000 0.0000 0.0000 0.0000 153.6300 0.0000 0.0000 0.0000 0.0000 153.6400 0.0000 0.0000
2137.9469 0.0000 0.0000 0.0000 0.0000 0.0000 0.0000 0.0000 76.8700 0.0000 0.0000 0.0000 0.0000 0.0000 0.0000 0.0000 0.0000 0.0000 0.0000 0.0000 0.0000 0.0000 0.0000 0.0000 0.0000 158.5100 0.0000 0.0000 0.0000 0.0000 158.0400 0.0000 0.0000
2145.2036 0.0000 0.0000 0.0000 0.0000 0.0000 0.0000 0.0000 68.7100 0.0000 0.0000 0.0000 0.0000 0.0000 0.0000 0.0000 0.0000 0.0000 0.0000 0.0000 0.0000 0.0000 0.0000 0.0000 0.0000 141.0800 0.0000 0.0000 0.0000 0.0000 139.6599 0.0000 0.0000
2116.9465 0.0000 0.0000 0.0000 0.0000 0.0000 0.0000 0.0000 73.7880 0.0000 0.0000 0.0000 0.0000 0.0000 0.0000 0.0000 0.0000 0.0000 0.0000 0.0000 0.0000 0.0000 0.0000 0.0000 0.0000 150.2929 0.0000 0.0000 0.0000 0.0000 152.3700 0.0000 0.0000
2035.8372 0.0000 0.0000 0.0000 0.0000 0.0000 0.0000 0.0000 66.5890 0.0000 0.0000 0.0000 0.0000 0.0000 0.0000 0.0000 0.0000 0.0000 0.0000 0.0000 0.0000 0.0000 0.0000 0.0000 0.0000 137.8860 0.0000 0.0000 0.0000 0.0000 138.5700 0.0000 0.0000
1987.7164 0.0000 0.0000 0.0000 0.0000 0.0000 0.0000 0.0000 69.6400 0.0000 0.0000 0.0000 0.0000 0.0000 0.0000 0.0000 0.0000 0.0000 0.0000 0.0000 0.0000 0.0000 0.0000 0.0000 0.0000 141.5100 0.0000 0.0000 0.0000 0.0000 141.0330 0.0000 0.0000
2056.4465 0.0000 0.0000 0.0000 0.0000 0.0000 0.0000 0.0000 55.0479 0.0000 0.0000 0.0000 0.0000 0.0000 0.0000 0.0000 0.0000 0.0000 0.0000 0.0000 0.0000 0.0000 0.0000 0.0000 0.0000 115.3059 0.0000 0.0000 0.0000 0.0000 115.9190 0.0000 0.0000
2198.3132 0.0000 0.0000 0.0000 0.0000 0.0000 0.0000 0.0000 35.7400 0.0000 0.0000 0.0000 0.0000 0.0000 0.0000 0.0000 0.0000 0.0000 0.0000 0.0000 0.0000 0.0000 0.0000 0.0000 0.0000 76.4800 0.0000 0.0000 0.0000 0.0000 75.5800 0.0000 0.0000
2029.3762 0.0000 0.0000 0.0000 0.0000 0.0000 0.0000 0.0000 23.0739 0.0000 0.0000 0.0000 0.0000 0.0000 0.0000 0.0000 0.0000 0.0000 0.0000 0.0000 0.0000 0.0000 0.0000 0.0000 0.0000 51.7749 0.0000 0.0000 0.0000 0.0000 52.1790 0.0000 0.0000
1447.9460 0.0000 0.0000 0.0000 0.0000 0.0000 0.0000 0.0000 24.4000 0.0000 0.0000 0.0000 0.0000 0.0000 0.0000 0.0000 0.0000 0.0000 0.0000 0.0000 0.0000 0.0000 0.0000 0.0000 0.0000 55.1200 0.0000 0.0000 0.0000 0.0000 52.5687 0.0000 0.0000
